
31604
46107
399
51925
53625
59125
17894
6061
57034
9484
17422
14438
60227
35922
63849
58303
16376
19724
19533
21808
11257
22635
51142
46925
63110
35226
1540
39918
20544
4334
40647
32765
14015
28749
59826
63317
10548
7637
23891
42218
6094
59363
15714
34346
26793
42225
20917
47410
51911
36486
31664
56991
5577
30447
52874
47743
45194
430
50842
641
4454
9006
17281
26502
56736
1765
50175
57262
36118
24701
57773
20860
17165
17239
63197
4129
63642
58168
6210
2841
57795
7018
30809
8328
38723
45338
15638
28710
45358
24556
23459
12338
35699
43287
45123
59508
15693
6292
43770
15882
16568
31455
29797
37139
65132
48642
29309
14215
36392
12570
18236
53252
46284
35573
7903
45826
57538
4219
16871
5400
8535
9029
14445
46459
11313
61108
14093
35041
58506
26359
13715
35225
22299
9474
24893
31265
59811
34256
5658
5661
6449
16470
33943
46469
17275
37106
16513
37831
31305
